15
0.4194732495 0.3242422669 0.2807598805 0.2601912243 0.5810409301 0.3098451967 0.7708914068 0.1150880492 0.9288562196 0.6498778720 0.7463249442 0.7455951781 0.1491284012 0.3235921428 0.2029652330
0.3786055897 0.1652553942 0.0333737161 0.8880313937 0.4529390242 0.3788078711 0.6145829936 0.2134276874 0.9395951565 0.8317100629 0.4352344986 0.0889834004 0.1140187800 0.9805662506 0.1632310642
0.2888742555 0.2562377380 0.2516199832 0.9204701780 0.8327006253 0.4119606216 0.0536230796 0.7659919057 0.2621127515 0.7861979700 0.4659296589 0.6544389729 0.6245366663 0.5606973371 0.3904204871
0.5014515231 0.4374693506 0.9274590549 0.5584008006 0.7542201011 0.8999744396 0.9128259660 0.4174049268 0.9132726783 0.1424253774 0.1301172839 0.5878795623 0.7806724564 0.3612056697 0.9435030527
0.2760063989 0.8201551435 0.2719907854 0.6517922116 0.7564646073 0.9063357230 0.4334000436 0.2080339596 0.7977218608 0.9129665500 0.6422206666 0.6793088028 0.6924823371 0.0443299112 0.7820707502
0.1208118848 0.3772088268 0.5491998235 0.2192812821 0.7893078774 0.9771753416 0.4734097183 0.0829423101 0.6532636778 0.9972954630 0.4049135010 0.5404713805 0.9704409428 0.2940108320 0.7443299575
0.4857272455 0.2984578991 0.9098135015 0.8943112266 0.8936056006 0.6798057320 0.8295144641 0.9026781699 0.4632175178 0.9000318791 0.7261600157 0.5171166985 0.0711657026 0.6562788417 0.8045367239
0.3133309228 0.9870973051 0.1930938867 0.9214946279 0.5439002666 0.7656263417 0.4634014539 0.2648574849 0.6216897515 0.2218831285 0.1547566202 0.0064780665 0.6995133579 0.9223612116 0.9844746475
0.5100351710 0.6368531676 0.1783977890 0.5119582394 0.8704585882 0.7547871447 0.6165361287 0.3425203039 0.7894069315 0.1718811149 0.0181840256 0.0042273113 0.0500123855 0.1866516235 0.2703950868
0.9677640928 0.1441458227 0.1263076477 0.9502646474 0.2490479247 0.9267441309 0.3168313066 0.2773457714 0.7852966387 0.5242814247 0.3460586972 0.9116548499 0.3074809495 0.1082541861 0.5892738931
0.3492504942 0.7455691966 0.5595900746 0.0459306926 0.4730333853 0.2976980478 0.4961785157 0.8964679957 0.1533289876 0.1703799458 0.6132610026 0.8297865536 0.6609786328 0.6540845098 0.7952074858
0.1148063418 0.0550793535 0.6370073868 0.9972445453 0.5936251401 0.6381758587 0.8795671847 0.4669901431 0.2591507116 0.0336231813 0.3731468980 0.4781887896 0.8466805801 0.4330017941 0.8888237229
0.3828297911 0.9167545923 0.0858813165 0.3853067354 0.4528708132 0.2357075528 0.1598932005 0.2900294506 0.6790774080 0.8707002205 0.6859864953 0.7933198238 0.4220288098 0.3076089562 0.4219050955
0.2027980407 0.5691290550 0.0730057918 0.1163389025 0.0936274946 0.6415014050 0.7955619102 0.8368652574 0.4599724449 0.1159336069 0.3775595895 0.7367112181 0.3239913631 0.0795801459 0.9637988431
0.8785312262 0.2909218685 0.2189168254 0.6930368063 0.5078090084 0.3522898658 0.0594819999 0.7961992935 0.4741559622 0.8340016928 0.3192283520 0.4659556388 0.3356932426 0.7620553140 0.2158472565
0.0638493016 0.0498683450 0.0758320008 0.5772176510 0.6540287623 0.0534705768 0.0574080532 0.6441699740 0.5567240601 0.9652751129 0.0650512312 0.5260450973 0.5999665076 0.1066580574 0.1600438584

