20
0.1751460250 0.4617121154 0.1194514350 0.2617643491 0.6275131312 0.5044238794 0.3834963883 0.6982062199 0.9018120533 0.8484913258 0.2358719941 0.1013529513 0.8909480926 0.7920838393 0.4698339252 0.3816769141 0.4402568867 0.3269505679 0.2823313580 0.7285783337
0.4701630173 0.4611963951 0.4095198156 0.1893357712 0.8169067696 0.1936053564 0.6361800298 0.7079080480 0.5768920207 0.6381992318 0.6818810511 0.1872163448 0.0263409836 0.3416643988 0.0809836112 0.1356064902 0.3803244714 0.5364752505 0.6940875087 0.1115105571
0.7538690306 0.9289879141 0.9152844631 0.4898984505 0.6927252808 0.6344732250 0.4725859276 0.0399295878 0.5525143735 0.0400033741 0.9581530921 0.4252853255 0.8223525525 0.7013015815 0.8704639612 0.0169834262 0.2126863232 0.8611100926 0.0023103632 0.3430455519
0.9569538935 0.8143264593 0.4665256751 0.0902098681 0.3128210458 0.1391037597 0.5156015409 0.8199502415 0.6911225914 0.7633056443 0.5818597769 0.4643847176 0.1892731955 0.9421523092 0.6416038930 0.2272255546 0.5607947596 0.4855890937 0.0896816591 0.7307440007
0.8137391132 0.9928542084 0.8001487454 0.1217927541 0.6981691367 0.4269179640 0.9442307576 0.3782498064 0.3164930849 0.0929107159 0.4385391957 0.2418174407 0.9703301461 0.9723526442 0.6045041934 0.0439306303 0.1437179966 0.4089428755 0.7342451700 0.1885990678
0.2148561312 0.3418617743 0.7786082094 0.2093279339 0.0872111730 0.6389850074 0.2998564861 0.1268321089 0.4356934975 0.5951029814 0.1645084510 0.3000796527 0.6747472043 0.3291856675 0.1910756608 0.0852698960 0.0725783001 0.6399267397 0.1129604901 0.3956723433
0.6593786755 0.8602473501 0.7685314446 0.6898227606 0.7072864903 0.3891347349 0.3884017094 0.0063929486 0.5959560893 0.8731361069 0.2141944112 0.4111213401 0.8199938302 0.4600238047 0.4535858788 0.6245115666 0.7431483508 0.1535926928 0.7531758612 0.6585765710
0.4590272796 0.0612467532 0.9537417425 0.0067263732 0.7792449484 0.2449759714 0.8816912707 0.3029673702 0.9372882889 0.9615214159 0.3260366121 0.3949020610 0.0700211621 0.3089702433 0.1519695515 0.4595876100 0.9186301376 0.6847189548 0.7101265619 0.1321329234
0.4769474415 0.0036875204 0.3148892709 0.6139831718 0.5074697759 0.3258629740 0.5855741979 0.3811619821 0.9440243214 0.3986961632 0.8711233895 0.4223108992 0.2049161052 0.6325704142 0.8119153656 0.9021872068 0.3515240994 0.1965068680 0.3315733297 0.7683500053
0.8446953592 0.2464655404 0.9971560600 0.0970863214 0.3749204422 0.7800476063 0.7378738948 0.9091979413 0.8721551844 0.2490985705 0.3704807154 0.7770911916 0.3372872714 0.8556585259 0.2437503072 0.7916812431 0.5796286993 0.4068996694 0.5849532512 0.3609432547
0.2934481043 0.7111379914 0.8080085793 0.8715132521 0.1614394849 0.7596999391 0.1259919675 0.4605611393 0.8341571760 0.3583713769 0.2999402404 0.0172295326 0.7018290460 0.4473506435 0.2513996317 0.0612516918 0.3485935272 0.0800734095 0.5679230869 0.3309323357
0.4590878810 0.9189717231 0.6387300056 0.7534958032 0.7334492721 0.1501757125 0.2719988685 0.9678755248 0.0591713502 0.9193609537 0.1657720860 0.7233401106 0.7868935361 0.7473904587 0.5312092409 0.2869208547 0.4620817420 0.8970950609 0.4999331830 0.4584259451
0.7756928528 0.3314816722 0.6864713832 0.9138974302 0.8142976585 0.7288539153 0.4223022200 0.3766866975 0.9137698452 0.0017751994 0.7297743492 0.5498949018 0.5505319794 0.9044991890 0.0621744926 0.8347449966 0.7404809295 0.6074387769 0.2004774244 0.6065222299
0.3580997859 0.5674386174 0.4678190521 0.2230406528 0.6368945149 0.6290633429 0.5994919527 0.0001628388 0.8671773167 0.0548071222 0.1892700496 0.1047210251 0.9683512204 0.1010768636 0.6221274049 0.6872578028 0.1802333025 0.8319961265 0.7989231987 0.6053247273
0.5915866363 0.0945218885 0.7603836529 0.7726479834 0.6039139205 0.9660622929 0.5257187734 0.5102900082 0.7146987106 0.5297282031 0.0754699166 0.2730065451 0.1966626485 0.5325468767 0.4286921146 0.7773191635 0.3482403683 0.3384117103 0.1913322786 0.8673929831
0.9953561049 0.6002368271 0.7856732769 0.4206301880 0.8357190500 0.2447308265 0.8099705855 0.2169601141 0.0342374883 0.6883993720 0.6229166926 0.9741267182 0.2017841283 0.6848316380 0.2993262358 0.6858450210 0.5194283681 0.8410206312 0.5614422237 0.9905178850
0.3063835376 0.6344131532 0.1545219929 0.5452754402 0.7723005066 0.7125801502 0.4058690970 0.2834190002 0.0431710902 0.3638436957 0.3832351375 0.9929226056 0.8049887401 0.3098921150 0.1515235647 0.8694644498 0.0704451955 0.3903599315 0.1159850451 0.5695320434
0.6413262049 0.2845449098 0.3356018373 0.8174640985 0.8129009250 0.1468795810 0.9921167353 0.8048633710 0.7464832694 0.9204699038 0.9081694217 0.4616343914 0.7224760582 0.1369592436 0.1222613800 0.1749704970 0.1785911845 0.2111709731 0.0487781058 0.6859353611
0.0365727457 0.5954284068 0.6780550573 0.7028533113 0.3256319096 0.6711459345 0.6044819097 0.2365448975 0.5219358645 0.9242309859 0.4098971924 0.7845122864 0.3408754306 0.7760310019 0.0750332507 0.2695014950 0.9424693529 0.4230056981 0.6435296978 0.0724371303
0.6401454114 0.1759997486 0.3210403974 0.5905466052 0.2392718443 0.0839363845 0.5562181852 0.4985607555 0.0741950518 0.0769477809 0.4208677512 0.2941979946 0.6611727158 0.4704036370 0.7833165374 0.7687098618 0.6394737335 0.4339940652 0.3520599309 0.7590854365
0.3340498943 0.9489689410 0.6559958945 0.9105833884 0.8405662453 0.8518306261 0.4230711653 0.2065796387 0.0072106932 0.7942225922 0.6209196300 0.7072898882 0.0675855335 0.3364515508 0.6310809451 0.2797459513 0.9651168483 0.9360265332 0.6426451865 0.0984754015

